check,old,new
1,854,960
2,960,1050
3,1050,1170
4,1170,1219
5,1219,1261
6,1261,1276
7,1276,1302
8,1302,1338
9,1338,1355
10,1355,1417
11,1417,1426
12,1426,1428
13,1428,1453
14,1453,1461
15,1461,1466
16,1466,1481
17,1481,1483
18,1483,1495
19,1495,1541
20,1541,1563
21,1563,1575
22,1575,1580
23,1580,1591
24,1591,1615
25,1615,1691
26,1691,1695
27,1695,1709
28,1709,1715
29,1715,1768
30,1768,1789
31,1789,1802
32,1802,1805
33,1805,1814
34,1814,1829
35,1829,1831
36,1831,1841
37,1841,1856
38,1856,1875
39,1875,1898
40,1898,1900
41,1900,1909
42,1909,1940
43,1940,1955
44,1955,1963
45,1963,1972
46,1972,1977
47,1977,1984
48,1984,1993
49,1993,1997
50,1997,2004
51,2004,2014
52,2014,2030
53,2030,2041
54,2041,2046
55,2046,2072
56,2072,2080
57,2080,2083
58,2083,2088
59,2088,2090
60,2090,2092
61,2092,2109
62,2109,2133
63,2133,2138
64,2138,2146
65,2146,2189
66,2189,2195
67,2195,2205
68,2205,2219
69,2219,2242
70,2242,2246
71,2246,2255
72,2255,2275
73,2275,2282
74,2282,2296
75,2296,2332
75,2332,2344
76,2344,2397
77,2397,2469
78,2469,2472
79,2472,2551
80,2551,2585
81,2585,2593
82,2593,2677
83,2677,2688
84,2688,2724
85,2724,2756
86,2756,2767
87,2767,2800
88,2800,2856
89,2856,2887
90,2887,2924
91,2924,2973
92,2973,3054
93,3054,3184
94,3184,3232
95,3232,3442
96,3442,3452
97,3452,3490
98,3490,3544
99,3544,3587
100,3587,3599
101,3599,3625
102,3625,3741
103,3741,3817
104,3817,3950
105,3950,3977
106,3977,3989
107,3989,4004
108,4004,4019
109,4019,4072
110,4072,4133
111,4133,4145
112,4145,4157
113,4157,4162
114,4162,4187
115,4187,4211
116,4211,4316
117,4316,4345
118,4345,4420
119,4420,4612
120,4612,4640
121,4640,4652
122,4652,4691
123,4691,4793
124,4793,4814
125,4814,4817
126,4817,4841
127,4841,4854
128,4854,4889
129,4889,4924
130,4924,4934
131,4934,4940
132,4940,4943
133,4943,4954
134,4954,4955
135,4955,4977
136,4977,4999
137,4999,5003
138,5003,5068
139,5068,5191
140,5191,5208
141,5208,5214
142,5214,5247
143,5247,5263
144,5263,5269
145,5269,5273
146,5273,5284
147,5284,5340
148,5340,5366
149,5366,5432
150,5432,5454
151,5454,5465
152,5465,5473
153,5473,5504
154,5504,5513
155,5513,5566
156,5566,5590
157,5590,5603
158,5603,5630
159,5630,5644
160,5644,5657
161,5657,5668
162,5668,5680
163,5680,5708
164,5708,5757
165,5757,5793
166,5793,5826
167,5826,5893
168,5893,5899
169,5899,5900
170,5900,5983
171,5983,6005
172,6005,6013
173,6013,6076
174,6076,6094
175,6094,6126
176,6126,6143
177,6143,6205
178,6205,6257
179,6257,6351
180,6351,6411
181,6411,6419
182,6419,6536
183,6536,6543
184,6543,6583
185,6583,6656
186,6656,6698
187,6698,6715
188,6715,6739
189,6739,6760
190,6760,6771
191,6771,6829
192,6829,6837
193,6837,6852
194,6852,6904
195,6904,6954
196,6954,6978
197,6978,6983
198,6983,6995
199,6995,7026
200,7026,7044
201,7044,7066
202,7066,7189
203,7189,7194
204,7194,7240
205,7240,7247
206,7247,7254
207,7254,7265
208,7265,7311
209,7311,7316
210,7316,7321
211,7321,7322
212,7322,7329
213,7329,7333
214,7333,7337
215,7337,7414
216,7414,7419
217,7419,7495
218,7495,7519
219,7519,7599
220,7599,7601
221,7601,7635
222,7635,7680
223,7680,7706
